+2349011852366,
+2347019632740,
+2349066694366,
+2349058659557,
+2349072270767,
+2348072867031,
+2347032696395,
+2349035585087,
+2349137020153,
+2349041553601,
+2348084963918,
+2348078305564,
+2349042775825,
+2349016676443,
+2349032846984,
+2349083369823,
+2349095167891,
+2348095785510,
+2349166350088,
+2348161650347,
+2349074179579,
+2348127032949,
+2348130399444,
+2349158827400,
+2348117404781,
+2347044990356,
+2349115673132,
+2349158927304,
+2349076976440,
+2348149973480,
+2349013189130,
+2348153860786,
+2347081750287,
+2347039997526,
+2349065017063,
+2347045016751,
+2349167988186,
+233559946618,
+2349019656767,
+2348141656193,
+2348071753693,
+2348076127851,
+2349053168499,
+233202433473,
+2348167331201,
+2349136277809,
+2347043256758,
+2348120973352,
+2348146214816,
+2347011578884,
+2349168781295,
+2349160922262,
+2349067907321,
+2349151423187,
+2348156062056,
+2349162136266,
+2349112151841,
+2347085048407,
+2348105764442,
+2349077331383,
+2347067055604,
+2347042838855,
+2347044442434,
+233540416428,
+2349021122655,
+2348102503982,
+233599881341,
+2348171080236,
+2348037607225,
+2348054745769,
+2348143243168,
+2349115305784,
+16504603230,
+2347061181613,
+2347061752561,
+2349065159312,
+2349165496298,
+2348131860251,
+2348095881510,
+2349130792926,
+2348163529652,
+2348108233879,
+27672307728,
+233598701308,
+2349132663077,
+2348137245404,
+2348027057390,
+2348111497749,
+2348143429459,
+2349167670653,
+2348123990768,
+2347045656192,
+2348107804119,
+2349064285496,
+2349161997027,
+22953635601,
+2348126026032,
+2349075834797,
+2349081216966,
+221772126704,
+2348100467650,
+2349163775813,
+2349064583631,
+2348179677266,
+233597539930,
+2349151069392,
+2349064760816,
+22597926963,
+2348079778731,
+2348109014868,
+2348097472162,
+2348071039873,
+2348104743042,
+2348149596497,
+2349167632837,
+233549601671,
+2348106619186,
+2348169173707,
+2349031735138,
+2348153824544,
+2349139060700,
+2349160804848,
+2348163063183,
+2349138622596,
+2349040261321,
+2347046610766,
+2348136780975,
+2347043609321,
+4917683891825,
224,
+2349038927496,
+2349063524069,
+2349010902389,
+2347013367310,
+2347035471981,
+2347062745513,
+2348054895240,
+2348085879828,
+2348165104852